MainProcess: 2016-07-09 15:01:36,059: root                : INFO    : {0: {0: 0.8444218515250481, 1: 0.7579544029403025, 2: 0.420571580830845, 3: 0.25891675029296335, 4: 0.5112747213686085, 5: 0.4049341374504143}, 1: {0: 0.7579544029403025, 1: 0.420571580830845, 2: 0.25891675029296335, 3: 0.5112747213686085, 4: 0.4049341374504143, 5: 0.7837985890347726}, 2: {0: 0.420571580830845, 1: 0.25891675029296335, 2: 0.5112747213686085, 3: 0.4049341374504143, 4: 0.7837985890347726, 5: 0.30331272607892745}, 3: {0: 0.25891675029296335, 1: 0.5112747213686085, 2: 0.4049341374504143, 3: 0.7837985890347726, 4: 0.30331272607892745, 5: 0.4765969541523558}, 4: {0: 0.5112747213686085, 1: 0.4049341374504143, 2: 0.7837985890347726, 3: 0.30331272607892745, 4: 0.4765969541523558, 5: 0.5833820394550312}, 5: {0: 0.4049341374504143, 1: 0.7837985890347726, 2: 0.30331272607892745, 3: 0.4765969541523558, 4: 0.5833820394550312, 5: 0.9081128851953352}}
MainProcess: 2016-07-09 15:01:36,209: root                : INFO    : 2.054940938949585
